trial	x1	y1	x2	y2	vx	vy	
1	794	24	806	313	0	1
2	394	373	405	76	0	-1
3	371	-8	84	3	-1	0
4	-6	25	6	314	0	1
5	-405	369	-394	83	0	-1
6	-428	-9	-716	3	-1	0
7	-806	25	-794	314	0	1
8	-394	425	-406	717	0	1
9	-429	809	-718	797	-1	0
10	-770	1205	-480	1194	1	0
11	-394	1227	-406	1520	0	1
12	-806	1629	-794	1928	0	1
13	-771	2011	-476	1999	1	0
14	-394	1978	-406	1684	0	-1
15	6	1627	-6	1923	0	1
16	28	2011	318	1999	1	0
17	406	1977	394	1679	0	-1
18	806	1572	794	1285	0	-1
19	771	1194	480	1205	-1	0
20	428	797	718	809	1	0

